256, /edge/0 3345 956 4 6.96875 /edge/1 1545 962 2 -1.609375;
601, /edge/2 1200 0 4 2.5;
1201, /edge/3 600 1920 6 -1.875 /edge/4 600 0 10 3.125;
1801, /wave/0 6000 0 2 6.25 /wave/1 6000 1920 2 -6.25;
2701, /wave/2 5100 0 6 15.9375;
3301, /slant/0 3300 960 2 3.4375 /slant/1 3300 960 4 -6.875 /wave/3 4500 1920 10 -23.4375;
3601, /edge/2 600 960 4 1.25 /edge/3 600 246 6 -1.875 /edge/4 600 260 10 3.125 /randomedge/1 600 0 2 0.625 /slant/2 3000 0 6 9.375 /slant/3 3000 1920 10 -15.625;
3901, /wave/4 3900 0 16 32.5;
5101, /wave/5 2700 1920 10 -14.0625 /wave/6 2700 0 6 8.4375 /wave/7 1200 0 4 2.5;
5401, /travelingwave/0 3600 852 2 3.75 /wave/8 900 1920 4 -1.875;
5701, /travelingwave/1 3300 1065 2 -3.4375;
6001, /travelingwave/2 3000 639 2 3.125 /travelingwave/3 3000 1278 2 -3.125;
6301, /edge/0 2100 1376 4 4.375 /travelingwave/4 2700 426 4 5.625;
6601, /edge/1 1800 1718 2 -1.875 /travelingwave/5 2400 1491 4 -5 /travelingwave/6 1200 213 4 2.5 /travelingwave/7 1200 1704 4 -2.5;
7801, /edge/2 600 476 4 1.25 /edge/3 600 252 6 -1.875 /edge/4 600 250 10 3.125;
8401, /travelingwave/6 600 1176 4 1.25 /travelingwave/7 600 749 4 -1.25;
9001, /star/0 899 956 4 1.872917 /star/1 899 964 4 -1.872917;
9301, /edge/10 600 962 2 -0.625 /edge/9 600 958 2 0.625 /star/2 599 954 6 1.871875 /star/3 599 966 6 -1.871875;
